1341846313.592026 0.0000000 0.0000000 0.0000000 0.0000000 0.0000000 0.0000000 1.0000000
1341846313.853928 0.0479592 0.0016336 0.0138354 -0.0000990 -0.0044753 0.0016877 0.9999886
1341846313.890011 0.0597540 0.0026142 -0.0025583 -0.0003055 -0.0042465 0.0048709 0.9999791
1341846314.022042 0.0895546 0.0230990 0.0028037 -0.0053314 0.0081207 0.0075462 0.9999243
1341846314.122037 0.1155683 0.0258669 0.0088586 -0.0088343 0.0179696 0.0114941 0.9997334
1341846314.725910 0.2359149 0.0023044 -0.0049861 -0.0128968 0.0672738 0.0044554 0.9976413
1341846314.894072 0.2596503 0.0103838 -0.0031059 -0.0032227 0.0818264 0.0155102 0.9965207
1341846315.161941 0.3269890 0.0460186 -0.0014617 -0.0079198 0.0850398 0.0279923 0.9959528
1341846315.936901 0.3639004 0.0152126 0.0228076 -0.0144089 0.0991768 0.0367792 0.9942855
1341846317.777923 -0.0558869 -0.0082115 0.0350909 0.0507899 0.0349868 0.0641083 0.9960353
1341846317.878017 -0.0813255 -0.0064842 0.0315978 0.0472825 0.0323102 0.0564385 0.9967623
1341846317.946031 -0.0963193 -0.0137562 0.0425890 0.0472120 0.0348903 0.0536156 0.9968345
1341846318.883516 -0.3452441 -0.0436704 0.0392053 0.0731510 -0.0428272 0.0319987 0.9958870
1341846318.918047 -0.3457306 -0.0302129 0.0069501 0.0765928 -0.0561422 0.0303860 0.9950168
1341846318.950044 -0.3682160 -0.0461995 0.0137549 0.0772386 -0.0636306 0.0296140 0.9945393
1341846319.050745 -0.3885174 -0.0503565 0.0256622 0.0796500 -0.0794858 0.0253670 0.9933249
1341846319.081905 -0.3864433 -0.0405519 0.0250380 0.0861866 -0.0801872 0.0227772 0.9927855
1341846319.150093 -0.4193470 -0.0396075 0.0137415 0.0902545 -0.0825942 0.0350595 0.9918685
1341846319.350268 -0.4599991 -0.0234744 0.0278027 0.0831548 -0.0687761 0.0465389 0.9930706
1341846319.386163 -0.4513335 -0.0324057 0.0031668 0.0830864 -0.0743560 0.0572308 0.9921151
1341846319.418386 -0.4799197 -0.0276132 0.0099576 0.0857440 -0.0777682 0.0542582 0.9917944
1341846320.258015 -0.5207702 -0.0352323 0.0473835 0.0838110 -0.1209268 0.0549067 0.9875919
1341846320.490186 -0.4434478 -0.0451016 0.0306634 0.1113443 -0.0973195 0.0485520 0.9878128
1341846320.525911 -0.4041584 -0.0394641 0.0304857 0.1150391 -0.0911549 0.0477278 0.9880176
1341846320.558091 -0.3642549 -0.0369290 0.0190771 0.1158357 -0.0885437 0.0439052 0.9883392
1341846324.452027 0.0162143 -0.3812466 0.0953003 0.0947218 0.0026651 -0.0197310 0.9953046
1341846325.417931 0.0068637 -0.1118734 0.1327727 0.0685789 -0.0219975 0.0182508 0.9972362
1341846326.926897 -0.0440479 0.3041833 0.2356673 0.0707035 0.0369377 0.0675657 0.9945207
1341846327.193867 -0.0295029 0.3839768 0.2454728 0.0656927 0.0403606 0.0634724 0.9950009
1341846327.294023 -0.0177444 0.4203584 0.2369462 0.0705965 0.0603651 0.0515161 0.9943432
1341846327.330015 -0.0258042 0.4377815 0.2361694 0.0720511 0.0707934 0.0470753 0.9937710
1341846327.429966 -0.0348454 0.4997715 0.2665887 0.0693196 0.0782276 0.0384416 0.9937794
1341846327.461965 -0.0414307 0.5141719 0.2766601 0.0619275 0.0748080 0.0369617 0.9945866
1341846327.561895 -0.0347671 0.5384473 0.2938434 0.0538897 0.0701422 0.0431577 0.9951449
1341846327.697919 -0.0436636 0.5800742 0.2980983 0.0587771 0.0586462 0.0436464 0.9955907
1341846327.998073 -0.0408787 0.6840243 0.3105395 0.0176489 0.0570328 0.0412240 0.9973647
1341846328.333917 -0.0408823 0.5991228 0.2989689 0.0145786 0.0486307 0.0463442 0.9976346
1341846328.970217 -0.0050781 0.2393979 0.2340277 0.0665348 0.0132843 0.0248898 0.9973851
1341846331.382003 0.0170494 -0.0890977 0.1016359 0.0242734 -0.0445301 0.0301203 0.9982588
1341846331.986135 0.0090994 -0.0480787 0.2380421 0.0439777 0.0048547 0.0250963 0.9987054
1341846332.621889 -0.0047527 -0.0075139 0.4502173 0.0560069 0.0098931 0.0335245 0.9978184
1341846333.195660 0.0510776 0.0270674 0.5995954 0.0332959 0.0250479 0.0359621 0.9984842
1341846333.429974 0.0595649 0.0366658 0.6222301 0.0169442 0.0210353 0.0291481 0.9992101
1341846333.798006 0.0598304 0.0331500 0.6168002 0.0150562 0.0228370 0.0303963 0.9991636
1341846334.433864 0.0104526 0.0202135 0.4929438 0.0367330 0.0282775 0.0256093 0.9985966
1341846335.406025 -0.0591771 0.0050677 0.2263193 0.0418214 -0.0013716 0.0150601 0.9990107
1341846335.741982 -0.0705059 0.0218903 0.1262476 0.0464497 0.0050624 0.0128418 0.9988253
1341846335.806271 -0.0762086 0.0334436 0.1008300 0.0451168 0.0051281 0.0125976 0.9988891
1341846335.910005 -0.0843330 0.0306017 0.0693398 0.0434447 0.0077964 0.0137421 0.9989309
1341846335.974198 -0.0853025 0.0300078 0.0550476 0.0421861 0.0048306 0.0124115 0.9990210
1341846336.142002 -0.1025012 0.0297986 0.0000395 0.0412763 0.0021712 0.0102167 0.9990932
1341846336.410032 -0.1218220 0.0355406 -0.0610961 0.0458565 -0.0034329 0.0158868 0.9988158
1341846336.446041 -0.1222456 0.0413213 -0.0721803 0.0457044 -0.0040754 0.0160844 0.9988172
1341846336.477990 -0.1210776 0.0378109 -0.0799018 0.0443504 -0.0042620 0.0157162 0.9988833
1341846336.578003 -0.1281255 0.0435410 -0.1008027 0.0457082 -0.0037948 0.0199794 0.9987478
1341846336.882056 -0.1509735 0.0409786 -0.1537594 0.0530036 -0.0171269 0.0245187 0.9981464
1341846336.945998 -0.1499899 0.0350697 -0.1741113 0.0609214 -0.0285282 0.0304507 0.9972700
1341846336.981980 -0.1592417 0.0550765 -0.1812982 0.0654714 -0.0314272 0.0270138 0.9969935
1341846337.417941 -0.1673924 0.0438155 -0.2093083 0.0474017 -0.0437148 0.0136232 0.9978259
1341846337.854071 -0.1526750 0.0615417 -0.1953345 0.0389409 -0.0383534 0.0136978 0.9984112
1341846337.885951 -0.1559030 0.0672483 -0.1973726 0.0359746 -0.0356596 0.0120882 0.9986432
1341846337.918223 -0.1529398 0.0656775 -0.1865362 0.0316464 -0.0345966 0.0092886 0.9988570
1341846337.954120 -0.1536897 0.0614401 -0.1785780 0.0291612 -0.0330415 0.0088428 0.9989893
1341846337.985994 -0.1490008 0.0739070 -0.1738444 0.0271694 -0.0325711 0.0094391 0.9990555
1341846338.018107 -0.1485095 0.0674346 -0.1643337 0.0232916 -0.0307607 0.0102973 0.9992023
1341846338.054055 -0.1440374 0.0710520 -0.1627529 0.0211594 -0.0297071 0.0097238 0.9992874
1341846338.121875 -0.1420154 0.0651924 -0.1417742 0.0154656 -0.0242957 0.0111486 0.9995230
1341846338.154089 -0.1444412 0.0661155 -0.1346360 0.0146250 -0.0234825 0.0144327 0.9995131
1341846338.254107 -0.1333297 0.0661473 -0.1076816 0.0103940 -0.0215090 0.0169523 0.9995709
1341846338.290130 -0.1313394 0.0651642 -0.0970940 0.0107924 -0.0216381 0.0187313 0.9995321
1341846338.354022 -0.1287216 0.0677859 -0.0797103 0.0103562 -0.0202977 0.0207679 0.9995246
1341846338.454010 -0.1287955 0.0774509 -0.0538735 0.0078829 -0.0190582 0.0200801 0.9995856
1341846338.657984 -0.1175882 0.0812214 0.0045008 0.0053237 -0.0191824 0.0223688 0.9995516
1341846338.757945 -0.1121217 0.0846372 0.0349072 0.0028585 -0.0189374 0.0238342 0.9995325
1341846338.858027 -0.1034616 0.0881576 0.0637400 0.0012552 -0.0190092 0.0216464 0.9995842
1341846339.157969 -0.0728525 0.0995964 0.1637311 -0.0027691 -0.0145657 0.0180708 0.9997268
1341846339.496743 -0.0381540 0.1097505 0.2592039 -0.0200999 -0.0132343 0.0210634 0.9994885
1341846339.762241 -0.0171295 0.1068023 0.3320748 -0.0153214 -0.0010746 0.0159188 0.9997553
1341846340.334063 0.0197431 0.1038713 0.4457932 -0.0101485 0.0123432 0.0209441 0.9996529
1341846340.601909 0.0506618 0.0962182 0.4644750 -0.0043871 0.0003291 0.0240353 0.9997014
