1341846313.592026 0.0000000 0.0000000 0.0000000 0.0000000 0.0000000 0.0000000 1.0000000
1341846313.853928 0.0577866 0.0042778 0.0092650 0.0003964 -0.0064110 0.0037869 0.9999722
1341846313.890011 0.0641776 0.0089709 0.0048283 0.0007102 -0.0047555 0.0048482 0.9999767
1341846313.957927 0.0930588 0.0091395 0.0007248 -0.0032751 -0.0025075 0.0043414 0.9999821
1341846314.022042 0.0950047 0.0195440 0.0024524 -0.0056844 0.0065205 0.0093486 0.9999189
1341846314.122037 0.1214189 0.0217665 0.0065780 -0.0093893 0.0169005 0.0142071 0.9997122
1341846315.262069 0.3254657 0.0350292 0.0156658 -0.0217822 0.0813686 0.0241898 0.9961523
1341846315.466047 0.3789331 0.0276621 0.0087617 -0.0093179 0.0778229 0.0384257 0.9961829
1341846315.666042 0.3853644 0.0314898 0.0008027 -0.0116700 0.0882876 0.0414183 0.9951651
1341846315.834140 0.3738748 0.0189671 0.0161063 -0.0203413 0.0947888 0.0385701 0.9945419
1341846316.101867 0.3266676 0.0166699 0.0208707 -0.0031938 0.1005843 0.0356604 0.9942842
1341846316.334208 0.2770402 -0.0020046 0.0154098 -0.0042824 0.0945454 0.0226472 0.9952537
1341846317.106113 0.1062271 -0.0197866 0.0190388 0.0222559 0.0652495 0.0336549 0.9970529
1341846317.741834 -0.0441169 -0.0120467 0.0292684 0.0518939 0.0353905 0.0654938 0.9958740
1341846317.878017 -0.0740651 -0.0083058 0.0364764 0.0471226 0.0315274 0.0574641 0.9967363
1341846317.909910 -0.0778096 -0.0133564 0.0377020 0.0458716 0.0325032 0.0534698 0.9969856
1341846318.214074 -0.1617003 -0.0231302 0.0417703 0.0493448 0.0260837 0.0414144 0.9975818
1341846318.883516 -0.3396451 -0.0452040 0.0286747 0.0727120 -0.0431476 0.0326516 0.9958841
1341846318.918047 -0.3463903 -0.0389789 0.0107891 0.0761520 -0.0567975 0.0322613 0.9949543
1341846318.950044 -0.3656952 -0.0446211 0.0151456 0.0776426 -0.0645199 0.0299483 0.9944405
1341846318.982028 -0.3708459 -0.0449129 0.0108638 0.0790555 -0.0681018 0.0268030 0.9941800
1341846319.018123 -0.4000806 -0.0410932 0.0037345 0.0791334 -0.0719106 0.0257328 0.9939339
1341846319.050745 -0.3782273 -0.0479052 0.0344308 0.0803141 -0.0808187 0.0254508 0.9931617
1341846319.081905 -0.3818452 -0.0404006 0.0236258 0.0866219 -0.0809245 0.0233320 0.9926749
1341846319.117976 -0.4066437 -0.0394076 0.0066353 0.0884782 -0.0789320 0.0285007 0.9925367
1341846319.150093 -0.4147526 -0.0416449 0.0098383 0.0902414 -0.0833576 0.0356589 0.9917845
1341846319.186069 -0.4188922 -0.0360328 -0.0001252 0.0920273 -0.0845555 0.0360992 0.9915030
1341846319.218149 -0.4445932 -0.0261167 -0.0399324 0.0891604 -0.0776380 0.0337674 0.9924124
1341846319.250034 -0.4210063 -0.0113054 0.0140182 0.0844833 -0.0740621 0.0332703 0.9931115
1341846319.318034 -0.4316518 -0.0306641 0.0123430 0.0817563 -0.0708096 0.0414439 0.9932695
1341846319.350268 -0.4525837 -0.0312370 0.0170899 0.0825087 -0.0696475 0.0477673 0.9930055
1341846319.386163 -0.4440021 -0.0373762 -0.0077798 0.0827976 -0.0750549 0.0576593 0.9920619
1341846319.418386 -0.4725735 -0.0340188 0.0000755 0.0853803 -0.0786574 0.0550456 0.9917123
1341846319.453961 -0.4701645 -0.0297373 0.0095014 0.0859230 -0.0814246 0.0523508 0.9915879
1341846320.258015 -0.5209433 -0.0456672 0.0269119 0.0830756 -0.1211270 0.0557736 0.9875809
1341846320.289887 -0.5132062 -0.0507326 0.0256871 0.0884527 -0.1218786 0.0556206 0.9870299
1341846320.390064 -0.4623282 -0.0404026 0.0277740 0.1042984 -0.1204050 0.0573443 0.9855639
1341846320.426544 -0.4439331 -0.0397783 0.0569949 0.1077703 -0.1135177 0.0526237 0.9862708
1341846320.490186 -0.4464244 -0.0463308 0.0473088 0.1121320 -0.0971971 0.0493774 0.9876948
1341846320.525911 -0.4084201 -0.0384159 0.0218907 0.1156434 -0.0908143 0.0473827 0.9879951
1341846320.558091 -0.3646636 -0.0377349 0.0154908 0.1159585 -0.0889921 0.0449593 0.9882371
1341846322.806047 0.0034606 -0.2678287 0.0811971 0.1096598 0.0118553 0.0156413 0.9937754
1341846323.441956 0.0255633 -0.3864433 0.0975902 0.0888031 -0.0039475 0.0259672 0.9957028
1341846323.506129 0.0236372 -0.3901619 0.0936091 0.0957182 -0.0024294 0.0219410 0.9951637
1341846324.319880 0.0164782 -0.4254726 0.0695811 0.1113278 0.0032508 -0.0118958 0.9937072
1341846327.026301 -0.0327078 0.3409632 0.2349186 0.0718175 0.0355338 0.0724867 0.9941455
1341846327.193867 -0.0264718 0.3815213 0.2513177 0.0652205 0.0400815 0.0634466 0.9950449
1341846327.262014 -0.0186612 0.4062317 0.2573647 0.0658937 0.0477015 0.0577216 0.9950129
1341846327.294023 -0.0145185 0.4129409 0.2647543 0.0693918 0.0602881 0.0539424 0.9943039
1341846327.361939 -0.0208067 0.4474526 0.2594191 0.0690479 0.0752392 0.0441555 0.9937916
1341846327.429966 -0.0295667 0.4879346 0.2649634 0.0677419 0.0776136 0.0392087 0.9939064
1341846327.461965 -0.0354000 0.5070382 0.2780426 0.0605183 0.0738708 0.0379637 0.9947057
1341846327.598010 -0.0395997 0.5304294 0.2916895 0.0532164 0.0672998 0.0485514 0.9951289
1341846327.697919 -0.0393512 0.5713557 0.2917680 0.0567322 0.0576676 0.0453380 0.9956909
1341846327.730075 -0.0434678 0.5940065 0.2932897 0.0529815 0.0571830 0.0462342 0.9958842
1341846327.898010 -0.0399616 0.6430621 0.3051360 0.0310675 0.0570470 0.0509690 0.9965855
1341846328.198018 -0.0460767 0.6388272 0.3009268 0.0025147 0.0525612 0.0442442 0.9976339
1341846328.366008 -0.0465230 0.5663053 0.2910500 0.0172849 0.0490015 0.0441484 0.9976728
1341846328.570125 -0.0338194 0.4301847 0.2656639 0.0341085 0.0529342 0.0287945 0.9975998
1341846332.522130 -0.0183227 -0.0282529 0.4299678 0.0588798 0.0187207 0.0203116 0.9978828
1341846332.857898 0.0172741 -0.0114052 0.5181478 0.0470386 0.0112824 0.0358954 0.9981841
1341846333.362100 0.0620033 0.0365851 0.6135353 0.0207330 0.0231470 0.0309529 0.9990377
1341846333.662127 0.0667806 0.0416154 0.6250698 0.0116182 0.0201977 0.0286582 0.9993176
1341846334.365871 0.0218077 0.0223831 0.5077370 0.0378558 0.0275319 0.0269504 0.9985402
1341846335.773960 -0.0735150 0.0208358 0.1117651 0.0463420 0.0055749 0.0127349 0.9988289
1341846335.873966 -0.0744567 0.0191509 0.0811972 0.0430545 0.0070532 0.0125173 0.9989694
1341846336.010032 -0.0878567 0.0242644 0.0360062 0.0413476 0.0047081 0.0116888 0.9990653
1341846336.042129 -0.0917679 0.0254617 0.0256237 0.0404365 0.0034021 0.0124432 0.9990988
1341846336.241891 -0.1033684 0.0281685 -0.0188181 0.0387056 -0.0019532 0.0114736 0.9991829
1341846336.277946 -0.1123139 0.0221844 -0.0245773 0.0388574 -0.0012094 0.0132375 0.9991564
1341846336.446041 -0.1210617 0.0353898 -0.0745687 0.0453658 -0.0045088 0.0162600 0.9988279
1341846336.477990 -0.1182546 0.0333909 -0.0805037 0.0439494 -0.0048563 0.0163742 0.9988878
1341846336.614020 -0.1203696 0.0372823 -0.1068515 0.0444314 -0.0041218 0.0197084 0.9988095
1341846336.645982 -0.1285018 0.0443237 -0.1103599 0.0438618 -0.0024017 0.0191540 0.9988511
1341846336.678036 -0.1361646 0.0381372 -0.1125491 0.0416930 -0.0039299 0.0194693 0.9989330
1341846336.714024 -0.1366867 0.0321571 -0.1138805 0.0429540 -0.0061840 0.0190798 0.9988757
1341846336.882056 -0.1515606 0.0392222 -0.1498225 0.0529963 -0.0174536 0.0253102 0.9981213
1341846336.914273 -0.1576734 0.0332078 -0.1612896 0.0548740 -0.0216633 0.0275093 0.9978791
1341846336.945998 -0.1426360 0.0234215 -0.1744023 0.0600292 -0.0290808 0.0311032 0.9972880
1341846336.981980 -0.1512845 0.0484539 -0.1897371 0.0648666 -0.0320783 0.0279360 0.9969869
1341846337.181873 -0.1530604 0.0510323 -0.1806192 0.0554233 -0.0408893 0.0134987 0.9975340
1341846337.214073 -0.1599407 0.0596782 -0.1899837 0.0535406 -0.0389206 0.0109156 0.9977472
1341846337.350018 -0.1602720 0.0565250 -0.2055490 0.0498901 -0.0454680 0.0160460 0.9975902
1341846337.382159 -0.1541776 0.0475414 -0.2031571 0.0465530 -0.0456674 0.0145888 0.9977647
1341846337.417941 -0.1622805 0.0394331 -0.2101096 0.0470685 -0.0445457 0.0147564 0.9977888
1341846337.518008 -0.1611289 0.0369865 -0.2193593 0.0468333 -0.0471731 0.0166061 0.9976500
1341846337.617903 -0.1591940 0.0302727 -0.2147247 0.0452561 -0.0491229 0.0144641 0.9976621
1341846337.686352 -0.1599662 0.0530111 -0.2192661 0.0471416 -0.0489349 0.0139569 0.9975913
1341846337.786157 -0.1517735 0.0598552 -0.2055262 0.0423208 -0.0442948 0.0138771 0.9980252
1341846337.817945 -0.1481938 0.0516122 -0.1929685 0.0395424 -0.0424778 0.0150635 0.9982010
1341846337.854071 -0.1463685 0.0574058 -0.1952504 0.0386885 -0.0391884 0.0144114 0.9983786
1341846337.885951 -0.1502599 0.0632093 -0.1938129 0.0357696 -0.0365180 0.0125093 0.9986143
1341846337.918223 -0.1472177 0.0634564 -0.1846063 0.0315706 -0.0354081 0.0101779 0.9988223
1341846337.954120 -0.1504533 0.0586490 -0.1776825 0.0289770 -0.0336482 0.0093489 0.9989699
1341846337.985994 -0.1439680 0.0696161 -0.1730285 0.0269054 -0.0332704 0.0100181 0.9990339
1341846338.018107 -0.1447521 0.0615593 -0.1644713 0.0229427 -0.0314217 0.0110413 0.9991819
1341846338.054055 -0.1392062 0.0673800 -0.1601524 0.0208955 -0.0303629 0.0102191 0.9992682
1341846338.085986 -0.1335741 0.0655943 -0.1500207 0.0171731 -0.0275780 0.0103687 0.9994184
1341846338.121875 -0.1376271 0.0600407 -0.1403855 0.0150076 -0.0250449 0.0120684 0.9995008
1341846338.254107 -0.1305539 0.0616364 -0.1066377 0.0101457 -0.0220593 0.0173513 0.9995546
1341846338.354022 -0.1246282 0.0623800 -0.0810313 0.0099841 -0.0209400 0.0215064 0.9994996
1341846338.589842 -0.1140600 0.0737427 -0.0118178 0.0037767 -0.0208121 0.0198107 0.9995800
1341846338.757945 -0.1100825 0.0810930 0.0337519 0.0026863 -0.0193829 0.0243399 0.9995122
1341846338.790039 -0.1047866 0.0781782 0.0442904 0.0001998 -0.0220230 0.0250803 0.9994428
1341846338.958108 -0.0903360 0.0795623 0.0990784 -0.0025751 -0.0183640 0.0196240 0.9996355
1341846339.194113 -0.0804764 0.0997288 0.1704160 -0.0047162 -0.0128179 0.0196346 0.9997140
1341846339.496743 -0.0374081 0.1023105 0.2590138 -0.0211251 -0.0136772 0.0223008 0.9994345
1341846339.731977 -0.0228611 0.1030714 0.3175609 -0.0159951 -0.0022441 0.0166595 0.9997308
1341846340.298061 0.0250619 0.0910683 0.4381612 -0.0106207 0.0121462 0.0202314 0.9996651
1341846341.942069 0.0653556 0.0713565 0.3744485 0.0222509 -0.0214212 0.0343422 0.9989328
